Best fit parameters: [9745.358, 0.01217528].
Maximum multinomial log composite likelihood: -9854.281319105416.
Maximum poisson log composite likelihood: -9854.281319105416.
Non-scaled best-fit model spectrum: [-- 1.7075676154018442 0.5000441238333664 0.3333332576308975 0.24999994026476546 0.19999995338480464 0.16666662869011348 0.14285711100054319 0.1249999727060272 0.1111110873489861 0.09999997905189732 0.09090907225497714 0.08333331658435167 0.07692306178083393 0.07142855765907698 0.06666665408304219 0.06249998845062137 0.05882351877190883 0.05555554572140196 0.05263156983156768 0.049999991528361355 0.04761903972803034 0.04545453808930566 0.04347825398244092 0.04166666021597756 0.03999999394908366 0.03846153277797881 0.03703703169202943 0.0357142806821235 0.03448275387833173 0.033333328860050186 0.03225806029320413 0.031249996010473475 0.03030302653149275 0.029411761138283303 0.028571425194927728 0.027777774580604896 0.027027023998371782 0.02631578660358882 0.025641022920302518 0.024999997420151056 0.02439024145559007 0.023809521488363312 0.023255811751215973 0.022727270637553754 0.02222222023914558 0.02173912855282294 0.02127659395866515 0.020833331638414127 0.0204081616569323 0.01999999847389537 0.019607841689393717 0.01923076785735966 0.018867923225766987 0.018518517283480116 0.018181817011083352 0.017857141747689022 0.01754385859808766 0.01724137831501459 0.016949151600171936 0.016666665775147704 0.016393441779787705 0.01612903146104432 0.015873015120030226 0.015624999289040107 0.015384614713766277 0.015151514518947045 0.014925372538295182 0.014705881791773666 0.014492753095289695 0.014285713789556927 0.014084506576373387 0.013888888451884573 0.013698629727513258 0.013513513130280909 0.013333332975103796 0.013157894402426129 0.012987012675268129 0.012820512530340755 0.012658227578444219 0.012499999749840692 0.012345678780705707 0.012195121737154875 0.012048192573685654 0.011904761723152473 0.011764705715686469 0.01162790682420527 0.011494252734363998 0.011363636237014415 0.011235954941401 0.011111111007463927 0.01098901089580838 0.010869565133967909 0.010752688097756147 0.010638297806567082 0.0105263157316113 0.010416666616129834 0.010309278306738926 0.010204081595087478 0.010101010069123628 0.00999999997327611 0.00990099007694833 0.009803921550741813 0.00970873784989672 0.009615384604449929 0.009523809515675547 0.009433962258385787 0.009345794388706584 0.009259259256981343 0.009174311925470252 --].
Optimal value of theta_syn: 21096.896579261414.
Optimal value of theta_nonsyn: 45147.35867961943.
Empirical synonymous sfs: [-- 36315.05628358146 5695.524835504879 3299.455743843143 2748.178105937316 2464.976177255723 2255.69641973356 2087.201828917558 1961.617358390433 1878.913125531865 1825.104003341502 1785.388882106839 1752.825176378597 1728.610199178725 1715.376449922588 1711.780099603479 1712.663569085092 1712.545393585707 1708.270641677413 1699.243948757414 1685.806978941663 1667.467301903613 1642.94225149969 1611.64566362198 1575.052478352522 1536.610663864093 1500.220970110674 1468.457385496266 1441.739132326267 1418.797415544281 1397.877152379489 1377.796710904632 1358.290688703579 1339.720889349411 1322.714172560243 1307.956829676536 1295.978923994287 1287.173668955368 1282.118732929428 1281.622088389973 1286.415616556693 1296.783969376638 1312.245739155264 1331.441317204863 1352.303269677603 1372.47309513212 1389.824876229615 1402.909257848522 1411.170009084784 1414.894453297374 1414.975844469386 1412.620957341471 1409.106160439378 1405.609220300634 1403.087635419177 701.0865895598621 -- -- -- -- -- -- -- -- -- -- -- -- -- -- -- -- -- -- -- -- -- -- -- -- -- -- -- -- -- -- -- -- -- -- -- -- -- -- -- -- -- -- -- -- -- -- -- -- -- -- -- -- -- -- --].
Scaled best-fit model spectrum: [-- 36024.37738422874 10549.379165579918 7032.297262667345 5274.222884587289 4219.378332416328 3516.1486286894874 3013.841696390528 2637.1114965895554 2344.0991186108413 2109.689215986186 1917.8992954798562 1758.0743615869171 1622.8378789503897 1506.9208937393578 1406.4595064753369 1318.555792547792 1240.993691959203 1172.049602488846 1110.3627855407585 1054.8446502377865 1004.6139563459967 958.9496891281804 917.2562277144168 879.0372213797048 843.8757355149004 811.418979296892 781.3664272095723 753.4604859534733 727.47909233929 703.2297916029886 680.5449618533067 659.2779339352907 639.2998167735173 620.4968829483029 602.7684024594942 586.0248375290581 570.1863301388659 555.1814283778263 540.9460087360937 527.422360054729 514.558401531798 502.3070124417031 490.62545538217563 479.47487816935615 468.8198821468241 458.62814680217446 448.8701023048969 439.5186429770776 430.548875849149 421.9378993891567 413.66460826366966 405.70952062650133 398.0546249594505 390.68324393084504 383.57991310588136 376.73027265220674 370.12097044504156 363.73957519578323 357.5744984150504 351.6149241794069 345.85074580632437 340.27250865730565 334.8713583883304 329.6389940519123 324.56762552811057 319.64993482540353 314.87904084736186 310.2484672678926 305.7521132000974 301.38422637921116 297.1393786116766 293.012443270307 288.9985746389432 285.0931889320275 281.2919468326207 277.5907374088267 273.98566328368884 270.473026945724 267.04931809919236 263.71120196318265 260.4555084373305 257.2792220602592 254.17947269407165 251.15352687409765 248.19877976928308 245.31274770354662 242.49306119277 239.73745845664047 237.04377936797815 234.40995980515956 231.8340263772462 229.3140914928667 226.84834874741657 224.43506860452928 222.07259435045606 219.75933830113607 217.49377824409436 215.27445409790536 213.09996477437937 210.968965228823 208.88016368567241 206.83231902719223 204.82423833443193 202.85477456990256 200.92282439279276 199.0273260978204 197.16725766958444 195.3416349451043 193.54950987753057 --].
Estimate for time is 85.62020766118333 generations.
Estimated ancestral population size is 3516.149429876903.
