Best fit parameters: [0.01726901, 0.08089459].
Maximum multinomial log composite likelihood: -8176.255655741462.
Maximum poisson log composite likelihood: -8176.255655741462.
Non-scaled best-fit model spectrum: [-- 0.017541234177983266 0.008906744457290366 0.006028576246067068 0.004589491646361412 0.0037260405541764846 0.003150406218334607 0.0027392386011149384 0.002430862683298087 0.0021910145652003147 0.0019991359069636843 0.0018421441286578862 0.0017113175103182386 0.0016006179381179363 0.0015057324736057138 0.0014234982952489954 0.0013515432868966945 0.0012880534773741506 0.0012316180002114473 0.0011811230134583205 0.0011356774435543155 0.0010945599452360975 0.001057180326924304 0.0010230510390533088 0.0009917657903185102 0.0009629832960238722 0.0009364147768110478 0.0009118142354489837 0.0008889708171681786 0.0008677027506154564 0.0008478525006181524 0.000829282859122702 0.0008118737690820719 0.0007955197258186499 0.0007801276369699021 0.00076561504930026 0.000751908671044908 0.0007389431338729709 0.0007266599503306357 0.0007150066316770523 0.000703935938045723 0.0006934052383374445 0.0006833759615577833 0.0006738131247116802 0.0006646849250764952 0.0006559623868381305 0.0006476190538186019 0.0006396307214294677 0.000631975202131344 0.0006246321196124933 0.0006175827276662971 0.0006108097503766573 0.0006042972407441778 0.0005980304553165744 0.0005919957427491567 0.0005861804445222951 0.0005805728062963226 0.0005751618985975211 0.0005699375457089473 0.0005648902617928164 0.0005600111934005709 0.0005552920676375143 0.0005507251453442483 0.0005463031787364456 0.0005420193730163962 0.0005378673515277503 0.0005338411240781609 0.0005299350580987113 0.0005261438523480873 0.00052246251290337 0.0005188863312084877 0.0005154108639782579 0.000512031914776696 0.0005087455171094223 0.0005055479188872784 0.000502435568132349 0.0004994050998131388 0.0004964533237048151 0.0004935772131839145 0.0004907738948736213 0.0004880406390661066 0.00048537485085382886 0.00048277406191016726 0.00048023592286386185 0.00047775819621867575 0.0004753387497721263 0.00047297555049404314 0.0004706666588269183 0.00046841022337485274 0.00046620447595084564 0.00046404772695398733 0.0004619383610515222 0.00045987483314260827 0.00045785566458233774 0.00045587943964690554 0.00045394480222177324 0.00045205045269732484 0.00045019514505584035 0.0004483776841374251 0.0004465969230712327 --].
Optimal value of theta_syn: 1055752.4901150924.
Optimal value of theta_nonsyn: 2259310.3288462977.
Empirical synonymous sfs: [-- 32252.89760021504 6216.803586604738 3630.497300200081 2935.069863965024 2601.759872122683 2394.320666139699 2249.120480767372 2140.827290933123 2056.683491005499 1989.337223867993 1934.187092627434 1888.186888672911 1849.234150773698 1815.829272220882 1786.873377073615 1761.542720037398 1739.207647189869 1719.378647219548 1701.669466428612 1685.771299558725 1671.434359025782 1658.454472935996 1646.663180698307 1635.920305885788 1626.108312683782 1617.127965770701 1608.894955780698 1601.337249047126 1594.392986907126 1588.008806453639 1582.138487696936 1576.741855872171 1571.783884921737 1567.233960898129 1563.0652734822 1559.254310901321 1555.780438899997 1552.625548515654 1549.773760570115 1547.211177239 1544.925672979857 1542.906718613046 1541.14523355249 1539.633462148041 1538.36487088174 1537.334063798215 1536.536714077206 1535.969510098819 1535.630114729681 767.7585684434282 -- -- -- -- -- -- -- -- -- -- -- -- -- -- -- -- -- -- -- -- -- -- -- -- -- -- -- -- -- -- -- -- -- -- -- -- -- -- -- -- -- -- -- -- -- -- -- -- -- --].
Scaled best-fit model spectrum: [-- 18519.2016630978 9403.317639603101 6364.684383634002 4845.367234008475 3933.776593341642 3326.0492098808327 2891.9579741464786 2566.3893310198105 2313.1690830886687 2110.592711855403 1944.8482509814605 1806.7277228960406 1689.856373890896 1589.68080845639 1502.8618698837158 1426.8951906395218 1359.8656661391633 1300.283770593806 1246.9735625908636 1198.994289000011 1155.584387763249 1116.1207626510213 1080.0886819953635 1047.0592027397297 1016.6720127164423 988.6222323988321 962.6501495976537 938.5331538649531 916.0793396419831 895.1223887779222 875.517443528556 857.1377533675228 839.8719314687152 823.621695338577 808.2999947683387 793.8294517947915 780.1410536398391 767.173052028478 754.8700318418527 743.1821194732754 732.0643070336062 721.4758730994254 711.3798842865876 701.7427647914734 692.5339233261958 683.725428714969 675.2917269032735 667.2093933411553 659.456915686758 652.0145025857641 644.863914946734 637.9883166853451 631.3721423651359 625.0009795449558 618.8614639611848 612.9411859404497 607.2286066636572 601.7129830923054 596.3843005295324 591.2332119249772 586.250983149464 581.4294435661864 576.7609413087928 572.2383027526814 567.8547957270321 563.6040960713584 559.4802571870006 555.4776822752406 551.5910989895215 547.8155362600454 544.1463030774169 540.5789690438957 537.109346523163 533.7334742377469 530.4476021781186 527.2481777038976 524.1318327272726 521.0953718829854 518.1357615963083 515.250119971403 512.4357074281714 509.6899180246368 507.0102714062416 504.39440533076186 501.84006872011713 499.34511519764266 496.90749707066965 494.5252597233674 492.196536387907 489.9195432639206 487.69257495982913 485.5140002315713 483.3822579961036 481.2958535994935 479.2533553204402 477.25339109285545 475.29464543042866 473.3758565401249 471.4958136101923 --].
Estimate for time is 28468.221609779823 generations.
Estimated ancestral population size is 175958.74835251542.
