Best fit parameters: [3382.65, 0.01168181].
Maximum multinomial log composite likelihood: -10103.870425244953.
Maximum poisson log composite likelihood: -10103.870425244953.
Non-scaled best-fit model spectrum: [-- 1.6108259458123024 0.5000972296253774 0.3333332858135704 0.2499999408483625 0.19999995389267916 0.16666662916534566 0.1428571114553889 0.1249999731465707 0.11111108777861331 0.09999997947262096 0.09090907266807369 0.08333331699068018 0.07692306218098638 0.0714285580534809 0.06666665447200364 0.062499988834370336 0.058823519150627196 0.05555554609522474 0.05263157020060481 0.04999999189270416 0.04761904008774897 0.04545453844445683 0.043478254333077025 0.04166666056213676 0.03999999429080124 0.03846153311528324 0.03703703202494497 0.035714281010672325 0.034482754202533716 0.03333332917991943 0.03225806060875612 0.031249996321722685 0.030303026838446313 0.029411761440953994 0.02857142549332316 0.027777774874734817 0.027027024288242076 0.0263157868892064 0.025641023201673406 0.024999997697279747 0.02439024172848143 0.02380952175702423 0.02325581201564988 0.02272727089776417 0.02222222049513421 0.021739128804595397 0.021276594206224266 0.020833331881761674 0.020408161896073126 0.01999999870882977 0.019607841920126157 0.019230768083890782 0.018867923448098744 0.01851851750161567 0.01818181722502414 0.017857141957437164 0.017543858803645174 0.017241378516382883 0.01694915179735163 0.016666665968140575 0.016393441968594977 0.016129031645667154 0.01587301530047108 0.015624999465299773 0.015384614885844418 0.015151514686846564 0.014925372702016524 0.014705881951318509 0.014492753250657993 0.01428571394074986 0.01408450672339208 0.013888888594729714 0.0136986298661855 0.013513513264781268 0.013333333105433246 0.013157894528585607 0.012987012797257795 0.012820512648160764 0.012658227692096156 0.012499999859325733 0.012345678886022877 0.012195121838304965 0.01204819267066977 0.011904761815971008 0.011764705804340466 0.011627906908694087 0.011494252814687994 0.011363636313175551 0.011235955013398299 0.011111111075298337 0.010989010959480504 0.010869565193478025 0.010752688153104217 0.01063829785775307 0.010526315778635468 0.01041666665899362 0.01030927834544109 0.010204081629629425 0.010101010099504999 --].
Optimal value of theta_syn: 21115.383097529022.
Optimal value of theta_nonsyn: 45186.91982871211.
Empirical synonymous sfs: [-- 34270.24219203384 5607.309380468908 3405.465572138651 2811.07444525074 2508.025297481769 2297.356804548026 2133.513826397763 2008.766798883711 1918.048388024554 1851.466519765743 1802.201973879307 1770.122281873344 1756.311831799645 1757.678119660447 1766.560316085388 1773.453630521167 1770.239921193132 1752.755071985684 1721.976419337998 1683.168178575223 1643.248263910937 1607.87556651103 1579.845689350646 1559.197420654706 1544.274838911485 1532.851301518323 1522.989500650174 1513.702599583093 1505.3648750168 1499.598437359872 1498.512260123469 1503.628366663536 1515.080377271237 1531.434642744461 1550.071354336612 1567.85732534612 1581.863810248757 1589.978694152695 1591.334767221751 1586.49330594935 1577.319957887322 1566.53167135511 1556.995569950343 1550.972730890269 1549.546457535016 1552.416058730223 1558.100696527603 1564.456237872261 1569.32578860009 785.569756754432 -- -- -- -- -- -- -- -- -- -- -- -- -- -- -- -- -- -- -- -- -- -- -- -- -- -- -- -- -- -- -- -- -- -- -- -- -- -- -- -- -- -- -- -- -- -- -- -- -- --].
Scaled best-fit model spectrum: [-- 34013.20694926629 10559.744589552784 7038.460029111675 5278.844525372769 4223.075645932061 3519.2297244000774 3016.4826365869385 2639.4223201706805 2346.153184828595 2111.53787630943 1919.5798964274807 1759.6149130460365 1624.2599269865736 1508.2413674033412 1407.691949006953 1319.711207829016 1242.0811420103282 1173.076638993103 1111.335767810263 1055.7689836877935 1005.4942741894115 959.7899927760668 918.0599966547226 879.8075001642217 844.6152033492419 812.1300062475045 782.051120002164 754.1207255931521 728.1165652444283 703.8460155500417 681.1413077371957 659.8556441295473 639.8600207084976 621.0406103988757 603.2965949340256 586.5383580769419 570.6859718324531 555.6679216785246 541.4200279159642 527.8845288154052 515.0092979382239 502.74717326851896 491.05537995456586 479.8950317676128 469.2306990325199 459.03003291555996 449.2634376750918 439.9037838813629 430.92615675197834 422.3076346870264 414.02709385925283 406.065035351088 398.4034318614557 391.0255914449109 383.91603611563676 377.060393458245 370.445299647925 364.05831250293113 357.88783337925224 351.9230368758377 346.1538074539933 340.57068219043094 335.16479898238657 329.9278496084908 324.8520371225526 319.93003712060266 315.15496247648076 310.52033118912794 306.02003702560256 301.6483226806443 297.399755204147 293.2692034766194 289.2518175357596 285.3430095793966 281.53843648818935 277.83398372796614 274.2257505066104 270.7100360726308 267.283327054361 263.94228574872176 260.6837392774484 257.50466953685174 254.40220387403352 251.37360642906313 248.41627008837224 245.52770899948007 242.70555160198825 239.94753413369406 237.25149457450692 234.615366994122 232.03717627237583 229.51503316385566 227.04712968105733 224.63173477207837 222.26719027145242 219.95190710390798 217.68436172304877 215.46309276808356 213.2866979230578 --].
Estimate for time is 82.22196447418185 generations.
Estimated ancestral population size is 3519.2305162548373.
