Best fit parameters: [0.5, 0.1].
Maximum multinomial log composite likelihood: -227.33692518148837.
Maximum poisson log composite likelihood: -227.33692518148837.
Non-scaled best-fit model spectrum: [-- 0.5433401787799501 0.2915543726173299 0.20652237304459836 0.1632457777720344 0.13671990630989755 0.11860674627306919 0.10533040830658764 0.09510095843632008 0.08692235141292257 0.08019559553986352 0.07453836593363836 0.06969480510204087 0.06548694883120508 0.06178696506347187 0.058500493328701816 0.055556228491458665 0.052899177848369026 0.05048616324706774 0.0482827412869556 0.04626104542673029 0.044398242832728495 0.04267541048996239 0.041076703082211084 0.039588727638294206 0.038200067136253804 0.036900913038613 0.035682778586569396 0.03453827272555846 0.033460920082899526 0.03244501630231077 0.031485510796744824 0.03057791096259875 0.029718203339681337 0.028902788261339057 0.028128425326708083 0.027392187617935913 0.02669142303243939 0.02602372144174928 0.025386886651240434 0.024778912338799485 0.02419796130960742 0.02364234752929668 0.023110520496765003 0.022601051596724243 0.022112622135194795 0.021644012811976057 0.021194094425276505 0.020761819637170276 0.02034621565591639 0.01994637771367507 0.01956146323671312 0.019190686620563085 0.018833314535412638 0.018488661697686818 0.018156087052759635 0.01783499032129146 0.017524808868056897 0.017225014857553837 0.016935112665285103 0.016654636517532496 0.01638314833580944 0.01612023576507486 0.015865510367281177 0.01561860596397818 0.015379177113562013 0.01514689771038577 0.01492145969435375 0.014702571860854472 0.014489958761975317 0.014283359690886762 0.014082527742112529 0.013887228941151138 0.013697241437554459 0.01351235475614884 0.013332369101600438 0.013157094711972071 0.01298635125733688 0.012819967279869372 0.012657779672155057 0.012499633190764768 0.012345380002383494 0.012194879260033304 0.01204799670713096 0.01190460430732033 0.011764579898183592 0.011627806867101707 0.011494173847663772 0.011363574435169471 0.011235906919868024 0.011111074036698157 0.010988982730380731 0.010869543934812534 0.01075267236578125 0.010638286326102003 0.010526307522344765 0.010416660892375373 0.010309274443001214 0.010204079097054666 0.010101008549300754 --].
Optimal value of theta_syn: 11968.753092098335.
Optimal value of theta_nonsyn: 25613.13161709044.
Empirical synonymous sfs: [-- 6535.561289907093 3540.605071997499 2518.239353791033 2003.801901849448 1703.275329533205 1509.674800862398 1372.595462099612 1267.002946437963 1180.609693885535 1107.218142606122 1043.450695851881 987.3907237725105 938.008884373048 894.786493509382 857.3759572613842 825.3310235815378 797.9663941614746 774.3634512237411 753.4878822374322 734.354572625947 716.1730969306313 698.4283110692782 680.8826890330517 663.5164866742898 646.4385627924958 629.8015366781414 613.7435130129289 598.3624952732498 583.7164935584897 569.8366083171125 556.7420044041914 544.4513269879885 532.9905051104625 522.3992036195584 512.7370710256553 504.0881097360618 496.559373398503 490.2704240822893 485.3326829103337 481.8217239816937 479.7488591163676 479.0395739158577 479.5250227716583 480.9494589001981 482.9924461898424 485.3013620762557 487.5280215228706 489.3634785656996 490.5667252000731 245.492596309545 -- -- -- -- -- -- -- -- -- -- -- -- -- -- -- -- -- -- -- -- -- -- -- -- -- -- -- -- -- -- -- -- -- -- -- -- -- -- -- -- -- -- -- -- -- -- -- -- -- --].
Scaled best-fit model spectrum: [-- 6503.104444833791 3489.5422987784577 2471.8152909650225 1953.8484074810342 1636.3668013979811 1419.5748611995195 1260.673650111451 1138.2398903462213 1040.352162245875 959.841282090409 892.1312977481913 834.1599140682425 783.7971213155713 739.5129291548008 700.1779604171779 664.9387815424675 633.1371984421265 604.2564224715234 577.8842090732338 553.6870304948798 531.3916061879519 510.77145125830305 491.63691702841913 473.8277063330726 457.20717165540174 441.65791703215115 427.0783665426627 413.3800584797634 400.485490706659 388.3263891914629 376.84230470483516 365.9794663835114 355.6898381134181 345.9303363731653 336.6621776048945 327.8503302515082 319.4630519520137 311.4714964738424 303.8493781057839 296.57268367383995 289.6194242468397 282.9694200957331 276.60411365565807 270.5064061829673 264.6605145550148 259.0518452687544 253.66688318675227 248.49309297996967 243.51883154424888 238.73326993670983 234.12632360037804 229.68858982935458 225.41129158018055 221.28622686294915 217.30572305312344 213.46259555550105 209.75011032798832 206.16194983778726 202.69218207766477 199.33523231699093 196.08585730252491 192.93912165859393 189.89037626611477 186.93523842562934 184.06957363187328 181.2894788068769 178.59126685541713 175.97145242139993 173.42673873676944 170.95400546585364 168.55029745796992 166.21281433008016 163.93890080894738 161.7260377691861 159.57183390977656 157.4740180169464 155.43043176632588 153.43902302153603 151.49783959020527 149.6050234020608 147.7588050766564 145.95749885128947 144.19949784206423 142.48326961344736 140.8073520336228 139.17034939494582 137.5709287803416 136.00781665822421 134.4797956896995 132.9857017332646 131.52442103325959 130.09488757948623 128.69608062626466 127.3270223601608 125.98677570644188 124.67444226495755 123.38916036696112 122.13010324488903 120.89647730775512 --].
Estimate for time is 39895.84364032779 generations.
Estimated ancestral population size is 199479.21820163893.
