Best fit parameters: [2.0, 0.01].
Maximum multinomial log composite likelihood: -238.01036722743265.
Maximum poisson log composite likelihood: -238.01036722743265.
Non-scaled best-fit model spectrum: [-- 1.1823500259728383 0.5228162057873518 0.3379604178658294 0.25120493919797593 0.20036792438183768 0.1667920905703036 0.14290334166804125 0.12501788580955667 0.11111815950645282 0.10000267842537533 0.09090994147308165 0.08333340487472225 0.07692281909024418 0.07142818253750496 0.06666623566544327 0.06249956680676915 0.05882311146130242 0.05555515982435797 0.052631207532944195 0.04999965275779809 0.04761872342379198 0.04545424280558473 0.043477978178565586 0.041666402389895954 0.039999752694361936 0.03846130680344982 0.037036819823640696 0.03571408185673416 0.034482567134341995 0.03333315332722027 0.03225789518278643 0.031249840606136208 0.03030288018117641 0.029411623247018938 0.028571295218520785 0.027777652020125672 0.027026908395325875 0.026315677535711447 0.0256409199978567 0.024999900282692056 0.02439014976911108 0.02380943494278095 0.023255730058143683 0.022727193528327586 0.022222147463069664 0.021739059875606415 0.021276529161023877 0.020833270514815993 0.02040810401447503 0.01999994413129188 0.01960779047606265 0.019230719612597095 0.018867877798001628 0.018518474529594712 0.018181776795798292 0.017857103943002897 0.01754382308276302 0.017241344974112182 0.016949120324621925 0.016666636461359203 0.016393414329286458 0.016129005780142383 0.015872991119522513 0.015624976883922441 0.01538459382297524 0.015151495065124254 0.014925354447561011 0.01470586499352449 0.014492737522007155 0.014285699376630106 0.014084493261936613 0.013888876176661255 0.013698618434676738 0.013513502765320507 0.013333323485698914 0.013157885738333703 0.012987004788211373 0.012820505373909885 0.012658221108001643 0.012499993922430813 0.012345673554970887 0.012195117073259654 0.012048188433240653 0.011904758069146638 0.01176470251242145 0.011627904037232961 0.01149425033042996 0.01136363418400466 0.011235953208286187 0.011111109564254946 0.01098900971350852 0.010869564184529942 0.010752687354039881 0.010638297242302135 0.010526315321359343 0.010416666335251111 0.010309278131356032 0.010204081502057207 0.0101010100360048 --].
Optimal value of theta_syn: 11945.660623334641.
Optimal value of theta_nonsyn: 25563.713733936132.
Empirical synonymous sfs: [-- 14445.42656505052 6225.416855977954 4033.406604205189 3035.029260219945 2448.567606590689 2056.750876282713 1777.556074595732 1570.752392931287 1412.842489626871 1288.945268601194 1189.332179220431 1107.598707653668 1039.516764293902 982.1923283349232 933.450181042544 891.4718222306193 854.6699104662972 821.7090546291088 791.5616119641402 763.5251618176032 737.1860139791422 712.3516810571634 688.9819780854709 667.1343064854393 646.9221935062667 628.479051690669 611.9221345195988 597.3186271686593 584.6603099680751 573.8527422953177 564.7208990283414 557.0287039905413 550.5071698557638 544.8853234794537 539.9189599283161 535.413508378406 531.2383941994491 527.3313038344684 523.6919803814659 520.3667081879214 517.4262727079414 514.9414773850251 512.9608423765094 511.4946876462975 510.5084866198119 509.926475598192 509.644449469303 509.5488945287522 509.53844011685 254.7716238724567 -- -- -- -- -- -- -- -- -- -- -- -- -- -- -- -- -- -- -- -- -- -- -- -- -- -- -- -- -- -- -- -- -- -- -- -- -- -- -- -- -- -- -- -- -- -- -- -- -- --].
Scaled best-fit model spectrum: [-- 14123.952148262426 6245.3849627151885 4037.1604559455595 3000.808950564434 2393.527224467411 1992.441708609341 1707.0748215068568 1493.4212357277677 1327.3798225536511 1194.5980578940027 1085.9793081246482 995.4725732203726 918.893891042224 853.2568275346321 796.3722262946332 746.598614179095 702.6809263253049 663.6430851368956 628.714543384845 597.2788831292339 568.8371093370548 542.9809584461655 519.3731719098937 497.7327023449965 477.82347070416307 459.4457182039633 442.4292801808045 426.62830133453934 411.9170444082024 398.18653715255124 385.34186827666804 373.29999041420524 361.98792255390674 351.3412696902679 341.3029962495531 331.8224039455072 322.8542753885167 314.3581529147202 306.2977283644706 298.64032439424705 291.3564516941047 284.4194294598263 277.80505882246683 271.49134081024874 265.45823191552705 259.6874315443456 254.16219660007417 248.86717924411602 243.78828452263195 238.91254507806613 234.2280106004976 229.72365003459032 225.38926485747797 221.21541199240505 217.19333513182713 213.31490341872347 209.57255658251154 205.9592557505805 202.46843926199696 199.09398289989204 195.8301640353671 192.6716292413837 189.61336499102052 186.6506711027863 183.77913663711269 180.99461798410394 178.29321891354212 175.67127238522082 173.12532394096533 170.65211652020648 168.24857655873828 165.91180124591293 163.63904682920392 161.42771786701297 159.2753573412965 157.17963755074936 155.13835171359503 153.14940621636546 151.21081345131861 149.3206851911041 147.4772264541595 145.67872981899384 143.92357014947876 142.21019969693032 140.53714354787903 138.90299538948767 137.30641356696836 135.74611740984395 134.22088380585484 132.72954400327723 131.27098062410062 129.84412487194783 128.44795392018256 127.0814884666981 125.74379044316643 124.43396086742476 123.15113782874468 121.89449459642218 120.66323784301056 --].
Estimate for time is 3981.8868744448805 generations.
Estimated ancestral population size is 199094.34372224403.
